fpr,tpr
0.0,0.0
0.0006009013520280421,0.0
0.01372058087130696,0.0
0.014321482223335003,0.0
0.015022533800701052,0.0
0.018928392588883326,0.0
0.5449173760640962,0.06666666666666667
0.5458187280921382,0.06666666666666667
0.5466199298948423,0.06666666666666667
0.5469203805708562,0.06666666666666667
0.5479218828242364,0.06666666666666667
0.5483224837255883,0.06666666666666667
0.5484226339509264,0.06666666666666667
0.5489233850776164,0.06666666666666667
0.5513269904857286,0.06666666666666667
0.5588382573860792,0.06666666666666667
0.5837756634952429,0.06666666666666667
0.5882824236354531,0.06666666666666667
0.6262393590385579,0.13333333333333333
0.6314471707561342,0.13333333333333333
0.6395593390085128,0.13333333333333333
0.6399599399098648,0.13333333333333333
0.6951427140711066,0.2
0.7726589884827241,0.2
0.784476715072609,0.2
0.829043565348022,0.26666666666666666
0.842563845768653,0.26666666666666666
0.9039559339008513,0.4
0.9059589384076114,0.4
0.9221832749123685,0.4666666666666667
0.94271407110666,0.5333333333333333
0.9470205307961943,0.5333333333333333
0.9966950425638458,1.0
0.9967951927891838,1.0
0.9974962443665498,1.0
0.999298948422634,1.0
1.0,1.0
